PID ArrivalTime NumEvents
1 18 4
0 3
13 15
18 9
25 0

2 18 5
0 19
5 6
13 10
25 18
30 0

3 7 8
0 19
17 16
18 11
28 6
47 9
49 15
54 6
71 0

4 8 5
0 1
9 18
25 9
43 3
58 0

5 16 8
0 12
4 2
9 9
22 1
23 3
32 13
51 19
62 0

6 18 7
0 6
13 8
23 10
42 4
43 4
49 1
51 0

7 8 3
0 15
11 14
14 0

8 15 6
0 8
2 18
15 6
17 15
35 10
42 0

9 12 7
0 16
15 13
20 6
22 14
25 7
32 11
47 0

10 18 6
0 7
0 16
6 18
14 18
22 11
28 0

11 19 8
0 19
3 11
8 1
25 12
26 13
33 4
34 19
50 0

12 19 2
0 1
9 0

13 16 3
0 17
10 6
19 0

14 14 5
0 8
13 2
20 6
36 16
46 0

15 1 7
0 17
13 3
27 15
45 7
48 16
54 2
72 0