PID ArrivalTime NumEvents
1 4 2
0 20
34 0

2 19 2
0 20
37 0

3 16 2
0 20
70 0

4 0 2
0 20
28 0

5 5 2
0 20
23 0

6 9 2
0 20
54 0

7 12 2
0 20
70 0

8 17 2
0 20
74 0

9 1 2
0 20
6 0

10 0 2
0 20
39 0

11 10 2
0 20
47 0

12 3 2
0 20
21 0

13 2 2
0 20
97 0

14 14 2
0 20
70 0

15 8 2
0 20
48 0

16 14 2
0 20
67 0

17 6 2
0 20
73 0

18 14 2
0 20
38 0

19 11 2
0 20
51 0

20 9 2
0 20
33 0

21 18 2
0 20
10 0

22 5 2
0 20
21 0

23 18 2
0 20
72 0

24 8 2
0 20
65 0

25 13 2
0 20
16 0

26 2 2
0 20
95 0

27 11 2
0 20
54 0

28 3 2
0 20
16 0

29 13 2
0 20
77 0

30 1 2
0 20
82 0

31 5 2
0 20
77 0

32 17 2
0 20
15 0

33 1 2
0 20
44 0

34 14 2
0 20
16 0

35 0 2
0 20
6 0

36 19 2
0 20
65 0

37 16 2
0 20
54 0

38 4 2
0 20
17 0

39 12 2
0 20
1 0

40 9 2
0 20
19 0

41 1 2
0 20
107 0

42 11 2
0 20
60 0

43 1 2
0 20
47 0

44 7 2
0 20
36 0

45 7 2
0 20
39 0

46 2 2
0 20
26 0

47 0 2
0 20
68 0

48 9 2
0 20
3 0

49 7 2
0 20
69 0

50 2 2
0 20
65 0

51 14 2
0 20
1 0

52 8 2
0 20
69 0

53 2 2
0 20
55 0

54 4 2
0 20
20 0

55 4 2
0 20
28 0

56 8 2
0 20
34 0

57 1 2
0 20
75 0

58 18 2
0 20
9 0

59 13 2
0 20
49 0

60 17 2
0 20
6 0

61 2 2
0 20
31 0

62 6 2
0 20
108 0

63 9 2
0 20
35 0

64 13 2
0 20
74 0

65 16 2
0 20
34 0

66 19 2
0 20
62 0

67 17 2
0 20
30 0

68 13 2
0 20
2 0

69 13 2
0 20
49 0

70 11 2
0 20
80 0

71 4 2
0 20
47 0

72 11 2
0 20
68 0

73 1 2
0 20
63 0

74 17 2
0 20
7 0

75 3 2
0 20
17 0

76 1 2
0 20
104 0

77 2 2
0 20
16 0

78 8 2
0 20
16 0

79 16 2
0 20
84 0

80 7 2
0 20
15 0

81 0 2
0 20
60 0

82 14 2
0 20
31 0

83 1 2
0 20
9 0

84 15 2
0 20
87 0

85 8 2
0 20
47 0

86 6 2
0 20
66 0

87 15 2
0 20
59 0

88 4 2
0 20
103 0

89 14 2
0 20
76 0

90 5 2
0 20
73 0

91 17 2
0 20
39 0

92 13 2
0 20
23 0

93 19 2
0 20
16 0

94 17 2
0 20
84 0

95 10 2
0 20
45 0

96 17 2
0 20
19 0

97 17 2
0 20
21 0

98 12 2
0 20
72 0

99 15 2
0 20
10 0

100 6 2
0 20
22 0